No changes:
163
30 42 16
38 46 30
39 44 16
39 45 36
39 46 17
40 44 24
41 43 24

4W - 48 = 20
163
30 42 16
38 46 30
39 44 16
39 45 36
39 46 17
40 44 24
41 43 24

4W - 48 = 10
163
10 25 2
11 25 28
11 24 34
12 23 12
18 22 20
20 23 30
20 21 10
27 26 8
28 30 19

4W - 49 = 20
163
30 42 16
38 46 30
39 44 16
39 45 36
39 46 17
40 44 24
41 43 24

4W - 49 = 10
163
10 25 2
11 25 28
11 24 34
12 23 12
18 22 20
20 23 10
20 21 30
27 26 8
28 30 19

4W - 49 = 20
4W - 48 = 20
163
10 25 2
11 25 28
11 24 34
12 23 12
18 22 20
20 23 20
20 21 20
27 26 8
28 30 19

4W - 49 = 10
4W - 48 = 20
153
10 25 2
11 25 28
11 24 34
12 23 12
18 22 20
20 23 10
20 21 20
27 26 8
28 30 19

4W - 49 = 20
4W - 48 = 10
153
10 25 2
11 25 28
11 24 34
12 23 12
18 22 20
20 23 20
20 21 10
27 26 8
28 30 19